# gradT_bin_center   <phi|gradT>   count
    2.5000000000E-01      1.8823544103E-01      5.4992226900E+08
    7.5000000000E-01      1.8000634482E-01      3.4819216200E+08
    1.2500000000E+00      1.7315011810E-01      1.9165366500E+08
    1.7500000000E+00      1.6778961429E-01      1.2291348500E+08
    2.2500000000E+00      1.6615800556E-01      8.6058739000E+07
    2.7500000000E+00      1.6304257919E-01      6.4334320000E+07
    3.2500000000E+00      1.5911303678E-01      5.0189144000E+07
    3.7500000000E+00      1.5330266619E-01      3.9989582000E+07
    4.2500000000E+00      1.4889209073E-01      3.2396197000E+07
    4.7500000000E+00      1.4678732132E-01      2.6558742000E+07
    5.2500000000E+00      1.4399489542E-01      2.1860076000E+07
    5.7500000000E+00      1.4059244134E-01      1.8071802000E+07
    6.2500000000E+00      1.3967462137E-01      1.5068157000E+07
    6.7500000000E+00      1.3754870857E-01      1.2655799000E+07
    7.2500000000E+00      1.3544129106E-01      1.0748055000E+07
    7.7500000000E+00      1.3490451008E-01      9.2246560000E+06
    8.2500000000E+00      1.3484980417E-01      7.9670680000E+06
    8.7500000000E+00      1.3274572418E-01      6.9730910000E+06
    9.2500000000E+00      1.3183575456E-01      6.1106400000E+06
    9.7500000000E+00      1.3061696931E-01      5.3492590000E+06
    1.0250000000E+01      1.3019184036E-01      4.7242190000E+06
    1.0750000000E+01      1.3094266518E-01      4.1948860000E+06
    1.1250000000E+01      1.3204944862E-01      3.7281190000E+06
    1.1750000000E+01      1.3191423164E-01      3.3599780000E+06
    1.2250000000E+01      1.3215088735E-01      3.0392380000E+06
    1.2750000000E+01      1.3270722679E-01      2.7483420000E+06
    1.3250000000E+01      1.3301456010E-01      2.4907810000E+06
    1.3750000000E+01      1.3356150859E-01      2.2840340000E+06
    1.4250000000E+01      1.3465613832E-01      2.0861360000E+06
    1.4750000000E+01      1.3428148636E-01      1.9072050000E+06
    1.5250000000E+01      1.3604595663E-01      1.7371260000E+06
    1.5750000000E+01      1.3675284380E-01      1.5927640000E+06
    1.6250000000E+01      1.3798145365E-01      1.4639440000E+06
    1.6750000000E+01      1.3922734670E-01      1.3520010000E+06
    1.7250000000E+01      1.3967106506E-01      1.2526360000E+06
    1.7750000000E+01      1.4041621714E-01      1.1685540000E+06
    1.8250000000E+01      1.4147844722E-01      1.0862240000E+06
    1.8750000000E+01      1.4171150773E-01      1.0175920000E+06
    1.9250000000E+01      1.4175096731E-01      9.5084500000E+05
    1.9750000000E+01      1.4000159313E-01      8.9351600000E+05
    2.0250000000E+01      1.3905054780E-01      8.4038800000E+05
    2.0750000000E+01      1.4012189585E-01      7.9350200000E+05
    2.1250000000E+01      1.4245201541E-01      7.4531300000E+05
    2.1750000000E+01      1.4238772545E-01      6.8872300000E+05
    2.2250000000E+01      1.4132945024E-01      6.4572600000E+05
    2.2750000000E+01      1.4133858594E-01      5.9984400000E+05
    2.3250000000E+01      1.4110624526E-01      5.6648600000E+05
    2.3750000000E+01      1.3924915115E-01      5.2465400000E+05
    2.4250000000E+01      1.4029158185E-01      4.9131000000E+05
    2.4750000000E+01      1.4232440713E-01      4.5672500000E+05
    2.5250000000E+01      1.4258387611E-01      4.3486100000E+05
    2.5750000000E+01      1.4411054527E-01      4.0168000000E+05
    2.6250000000E+01      1.4490500309E-01      3.7240200000E+05
    2.6750000000E+01      1.4636796472E-01      3.5009100000E+05
    2.7250000000E+01      1.4489435203E-01      3.3007700000E+05
    2.7750000000E+01      1.4299574986E-01      3.0879200000E+05
    2.8250000000E+01      1.4320556937E-01      2.8988000000E+05
    2.8750000000E+01      1.4389720277E-01      2.7084200000E+05
    2.9250000000E+01      1.4563388461E-01      2.5083000000E+05
    2.9750000000E+01      1.4786544641E-01      2.3196700000E+05
    3.0250000000E+01      1.4861050319E-01      2.1474800000E+05
    3.0750000000E+01      1.5126906632E-01      1.9710300000E+05
    3.1250000000E+01      1.5648650417E-01      1.7902900000E+05
    3.1750000000E+01      1.5725286276E-01      1.6691800000E+05
    3.2250000000E+01      1.6113523695E-01      1.5577300000E+05
    3.2750000000E+01      1.6385642693E-01      1.4556700000E+05
    3.3250000000E+01      1.6299132783E-01      1.3680500000E+05
    3.3750000000E+01      1.7153712593E-01      1.2526800000E+05
    3.4250000000E+01      1.7131784376E-01      1.1625600000E+05
    3.4750000000E+01      1.7527566666E-01      1.0797800000E+05
    3.5250000000E+01      1.7418299443E-01      9.9711000000E+04
    3.5750000000E+01      1.7499283391E-01      9.1733000000E+04
    3.6250000000E+01      1.7707338230E-01      8.6179000000E+04
    3.6750000000E+01      1.8355048023E-01      7.8524000000E+04
    3.7250000000E+01      1.8019783958E-01      7.3936000000E+04
    3.7750000000E+01      1.8737432451E-01      6.8653000000E+04
    3.8250000000E+01      1.9392988103E-01      6.2839000000E+04
    3.8750000000E+01      1.9655747086E-01      5.6191000000E+04
    3.9250000000E+01      1.9867975708E-01      5.3691000000E+04
    3.9750000000E+01      2.0111342648E-01      4.9897000000E+04
    4.0250000000E+01      2.0196393842E-01      4.6955000000E+04
    4.0750000000E+01      2.0157873055E-01      4.3991000000E+04
    4.1250000000E+01      2.0429720955E-01      4.1549000000E+04
    4.1750000000E+01      2.1488882394E-01      3.9413000000E+04
    4.2250000000E+01      2.0994490069E-01      3.7594000000E+04
    4.2750000000E+01      2.1602445715E-01      3.3281000000E+04
    4.3250000000E+01      2.2069319771E-01      3.0716000000E+04
    4.3750000000E+01      2.1581395502E-01      2.8389000000E+04
    4.4250000000E+01      2.2975250375E-01      2.6251000000E+04
    4.4750000000E+01      2.3491565284E-01      2.3827000000E+04
    4.5250000000E+01      2.3048766520E-01      2.2486000000E+04
    4.5750000000E+01      2.3524704292E-01      2.1032000000E+04
    4.6250000000E+01      2.3184576745E-01      2.0177000000E+04
    4.6750000000E+01      2.4017019843E-01      1.8856000000E+04
    4.7250000000E+01      2.4345261603E-01      1.7419000000E+04
    4.7750000000E+01      2.4907431081E-01      1.6474000000E+04
    4.8250000000E+01      2.4903922820E-01      1.5644000000E+04
    4.8750000000E+01      2.4887792295E-01      1.4795000000E+04
    4.9250000000E+01      2.5350354408E-01      1.3948000000E+04
    4.9750000000E+01      2.5524167843E-01      1.2840000000E+04
    5.0250000000E+01      2.5181600386E-01      1.1982000000E+04
    5.0750000000E+01      2.6331946227E-01      1.1329000000E+04
    5.1250000000E+01      2.5914638135E-01      1.0459000000E+04
    5.1750000000E+01      2.4852859480E-01      1.0014000000E+04
    5.2250000000E+01      2.6380098718E-01      9.6590000000E+03
    5.2750000000E+01      2.7420028157E-01      9.1000000000E+03
    5.3250000000E+01      2.7450709726E-01      8.3550000000E+03
    5.3750000000E+01      2.9371901798E-01      7.8770000000E+03
    5.4250000000E+01      2.8897926990E-01      7.4250000000E+03
    5.4750000000E+01      2.8798106854E-01      7.0210000000E+03
    5.5250000000E+01      2.8053703772E-01      6.6950000000E+03
    5.5750000000E+01      2.9892865712E-01      6.1660000000E+03
    5.6250000000E+01      3.1210829738E-01      5.5920000000E+03
    5.6750000000E+01      3.1878185744E-01      5.7140000000E+03
    5.7250000000E+01      3.2394135564E-01      5.2570000000E+03
    5.7750000000E+01      3.3320458816E-01      4.9250000000E+03
    5.8250000000E+01      3.3062833350E-01      4.7220000000E+03
    5.8750000000E+01      3.2644734769E-01      4.3100000000E+03
    5.9250000000E+01      3.4280872642E-01      4.0430000000E+03
    5.9750000000E+01      3.4978963060E-01      3.8940000000E+03
    6.0250000000E+01      3.7446953349E-01      3.4010000000E+03
    6.0750000000E+01      3.4650890725E-01      3.5400000000E+03
    6.1250000000E+01      3.4056743995E-01      3.3880000000E+03
    6.1750000000E+01      3.3441842534E-01      3.2810000000E+03
    6.2250000000E+01      3.7005272234E-01      3.1210000000E+03
    6.2750000000E+01      3.5089362191E-01      2.9650000000E+03
    6.3250000000E+01      3.9222890341E-01      2.7060000000E+03
    6.3750000000E+01      3.9972097428E-01      2.5910000000E+03
    6.4250000000E+01      3.8470988371E-01      2.2780000000E+03
    6.4750000000E+01      4.1923714903E-01      2.2590000000E+03
    6.5250000000E+01      4.4507254990E-01      2.0570000000E+03
    6.5750000000E+01      4.3644399561E-01      1.7960000000E+03
    6.6250000000E+01      4.5223203687E-01      1.8460000000E+03
    6.6750000000E+01      4.5469845106E-01      1.8170000000E+03
    6.7250000000E+01      5.0253408039E-01      1.6430000000E+03
    6.7750000000E+01      4.4972609123E-01      1.6900000000E+03
    6.8250000000E+01      4.8854327047E-01      1.5260000000E+03
    6.8750000000E+01      4.5584299230E-01      1.6820000000E+03
    6.9250000000E+01      5.3727547924E-01      1.5820000000E+03
    6.9750000000E+01      5.0212128542E-01      1.3310000000E+03
    7.0250000000E+01      5.7696424616E-01      1.0300000000E+03
    7.0750000000E+01      5.7388131067E-01      1.0710000000E+03
    7.1250000000E+01      5.7871096904E-01      1.0420000000E+03
    7.1750000000E+01      5.9221978471E-01      1.1090000000E+03
    7.2250000000E+01      6.5341694314E-01      1.0960000000E+03
    7.2750000000E+01      6.0941191174E-01      8.8400000000E+02
    7.3250000000E+01      6.2365276025E-01      8.5100000000E+02
    7.3750000000E+01      5.8861731378E-01      8.6800000000E+02
    7.4250000000E+01      6.6791482380E-01      8.1200000000E+02
    7.4750000000E+01      7.4933042280E-01      8.5500000000E+02
    7.5250000000E+01      7.9475639569E-01      7.4700000000E+02
    7.5750000000E+01      6.8248016678E-01      6.8600000000E+02
    7.6250000000E+01      6.7392660297E-01      6.3700000000E+02
    7.6750000000E+01      6.9902969414E-01      6.0500000000E+02
    7.7250000000E+01      8.1190736310E-01      6.1800000000E+02
    7.7750000000E+01      7.0565641997E-01      6.3500000000E+02
    7.8250000000E+01      7.3340875695E-01      6.3600000000E+02
    7.8750000000E+01      7.2920904228E-01      5.7000000000E+02
    7.9250000000E+01      7.9511130178E-01      4.6800000000E+02
    7.9750000000E+01      7.6684952079E-01      3.9700000000E+02
    8.0250000000E+01      7.3681792922E-01      4.0800000000E+02
    8.0750000000E+01      7.5407836368E-01      3.9700000000E+02
    8.1250000000E+01      7.6950957022E-01      4.2200000000E+02
    8.1750000000E+01      8.1178916632E-01      3.8100000000E+02
    8.2250000000E+01      8.0177243089E-01      3.3400000000E+02
    8.2750000000E+01      7.6261127499E-01      3.9000000000E+02
    8.3250000000E+01      8.7484066448E-01      3.7700000000E+02
    8.3750000000E+01      8.6960801376E-01      4.0100000000E+02
    8.4250000000E+01      9.2064250642E-01      3.0100000000E+02
    8.4750000000E+01      8.3498495270E-01      2.7400000000E+02
    8.5250000000E+01      8.6698761640E-01      2.0700000000E+02
    8.5750000000E+01      7.8775115663E-01      1.8500000000E+02
    8.6250000000E+01      8.2339587946E-01      2.0700000000E+02
    8.6750000000E+01      9.0060711817E-01      1.7400000000E+02
    8.7250000000E+01      9.2215147313E-01      2.1100000000E+02
    8.7750000000E+01      9.3782223550E-01      2.1200000000E+02
    8.8250000000E+01      9.4433213096E-01      1.8800000000E+02
    8.8750000000E+01      8.9607320355E-01      1.7900000000E+02
    8.9250000000E+01      9.5137576356E-01      1.7300000000E+02
    8.9750000000E+01      9.2647455178E-01      1.2200000000E+02
    9.0250000000E+01      9.0005224231E-01      1.0000000000E+02
    9.0750000000E+01      9.5489715082E-01      9.5000000000E+01
    9.1250000000E+01      9.1227983854E-01      1.0800000000E+02
    9.1750000000E+01      9.4538314366E-01      8.8000000000E+01
    9.2250000000E+01      1.0240818855E+00      1.5400000000E+02
    9.2750000000E+01      1.0583298992E+00      1.2200000000E+02
    9.3250000000E+01      1.0516938317E+00      1.1200000000E+02
    9.3750000000E+01      1.0493483094E+00      1.0200000000E+02
    9.4250000000E+01      1.0462744488E+00      1.1500000000E+02
    9.4750000000E+01      1.0031561784E+00      8.6000000000E+01
    9.5250000000E+01      1.0176992693E+00      5.4000000000E+01
    9.5750000000E+01      9.4576218252E-01      7.5000000000E+01
    9.6250000000E+01      1.0146928568E+00      5.4000000000E+01
    9.6750000000E+01      1.0715219950E+00      4.0000000000E+01
    9.7250000000E+01      1.0835649131E+00      8.5000000000E+01
    9.7750000000E+01      1.0941266790E+00      8.1000000000E+01
    9.8250000000E+01      1.1016181426E+00      6.3000000000E+01
    9.8750000000E+01      1.1691575674E+00      6.1000000000E+01
    9.9250000000E+01      1.1581969696E+00      5.6000000000E+01
    9.9750000000E+01      1.1870912424E+00      5.2000000000E+01
